10000003,1
10000015,2
1000002,1
10000027,1
10000039,1
10000040,2
10000052,1
10000064,1
10000076,1
10000088,1
10000111,1
10000123,1
10000135,1
1000014,1
10000147,1
10000159,1
10000160,1
10000172,1
10000184,1
10000196,1
10000206,2
10000218,1
10000231,1
10000243,1
10000255,1
1000026,11
10000267,1
10000279,1
10000280,1
10000292,1
10000302,1
10000314,1
10000326,3
10000338,3
10000351,1
10000363,2
10000375,1
1000038,59
10000387,1
10000399,1
10000409,1
10000410,1
10000422,2
10000434,2
10000446,2
10000458,3
10000471,2
10000483,4
10000495,4
10000505,7
1000051,312
10000517,1
10000529,1
10000530,1
10000542,1
10000554,1
10000566,1
10000578,1
10000591,1
10000601,1
10000613,1
10000625,2
1000063,4
10000637,1
10000649,1
10000650,1
10000662,1
10000674,1
10000686,1
10000698,1
10000708,1
10000721,1
10000733,1
10000745,1
1000075,5
10000757,1
10000769,2
10000770,2
10000782,1
10000794,6
10000804,1
10000816,1
10000828,1
10000841,2
10000853,1
10000865,1
1000087,3
10000877,1
10000889,1
10000890,1
10000900,1
10000912,1
10000924,1
10000936,1
10000948,1
10000961,1
10000973,1
10000985,1
1000099,1
10000997,1
10001000,1
10001012,1
10001024,2
10001036,1
10001048,1
10001061,1
10001073,1
10001085,1
1000109,13
10001097,1
100011,10
10001107,1
10001119,1
10001120,1
10001132,1
10001144,3
10001156,1
10001168,1
10001181,1
10001193,1
10001203,1
10001215,1
1000122,1
10001227,1
10001239,1
10001240,1
10001252,1
10001264,1
10001276,1
10001288,1
10001311,1
10001323,1
10001335,1
1000134,34
10001347,1
10001359,1
10001360,1
10001372,1
10001384,1
10001396,1
10001406,1
10001418,1
10001431,2
10001443,2
10001455,1
1000146,29
10001467,2
10001479,3
10001480,2
10001492,1
10001502,2
10001514,3
10001526,1
10001538,1
10001551,1
10001563,1
10001575,1
1000158,4
10001587,2
10001599,1
10001609,1
10001610,1
10001622,2
10001634,1
10001646,1
10001658,1
10001671,2
10001683,1
10001695,1
10001705,1
1000171,8
10001717,1
10001729,1
10001730,1
10001742,1
10001754,2
10001766,2
10001778,1
10001791,1
10001801,1
10001813,4
10001825,1
1000183,2
10001837,2
10001849,1
10001850,1
10001862,1
10001874,1
10001886,1
10001898,1
10001908,3
10001921,2
10001933,1
10001945,1
1000195,51
10001957,1
10001969,2
10001970,1
10001982,1
10001994,2
10002008,1
10002021,1
10002033,2
10002045,1
1000205,35
10002057,2
10002069,1
10002070,1
10002082,1
10002094,1
10002104,1
10002116,1
10002128,1
10002141,1
10002153,1
10002165,3
1000217,1
10002177,1
10002189,3
10002190,1
10002200,1
10002212,1
10002224,1
10002236,3
10002248,1
10002261,1
10002273,1
10002285,2
10002297,1
100023,6
1000230,8
10002307,1
10002319,1
10002320,3
10002332,2
10002344,1
10002356,1
10002368,1
10002381,1
10002393,1
10002403,1
10002415,1
1000242,4
10002427,1
10002439,1
10002440,1
10002452,1
10002464,1
10002476,1
10002488,2
10002511,1
10002523,1
10002535,1
1000254,4
10002547,1
10002559,1
10002560,2
10002572,1
10002584,1
10002596,1
10002606,1
10002618,2
10002631,2
10002643,1
10002655,1
1000266,1
10002667,1
10002679,1
10002680,1
10002692,1
10002702,1
10002714,2
10002726,1
10002738,1
10002751,1
10002763,1
10002775,1
1000278,6
10002787,1
10002799,7
10002809,3
10002810,2
10002822,1
10002834,2
10002846,2
10002858,2
10002871,2
10002883,2
10002895,2
10002905,2
1000291,6
10002917,3
10002929,1
10002930,1
10002942,1
10002954,1
10002966,1
10002978,2
10002991,3
10003005,2
1000301,1
10003017,1
10003029,1
10003030,2
10003042,1
10003054,2
10003066,1
10003078,1
10003091,1
10003101,1
10003113,1
10003125,1
1000313,7
10003137,1
10003149,1
10003150,1
10003162,1
10003174,1
10003186,1
10003198,5
10003208,1
10003221,1
10003233,1
10003245,1
1000325,3
10003257,1
10003269,1
10003270,1
10003282,1
10003294,1
10003304,1
10003316,1
10003328,1
10003341,1
10003353,1
10003365,1
10003377,1
10003389,1
10003390,1
10003400,1
10003412,1
10003424,1
10003436,1
10003448,1
10003461,4
10003473,1
10003485,2
1000349,4
10003497,1
100035,54
1000350,1
10003507,1
10003519,1
10003520,1
10003532,1
10003544,1
10003556,1
10003568,1
10003581,1
10003593,1
10003603,1
10003615,1
1000362,1
10003627,1
10003639,1
10003640,1
10003652,1
10003664,1
10003676,1
10003688,1
10003711,1
10003723,1
10003735,1
1000374,111
10003747,1
10003759,1
10003760,1
10003772,1
10003784,1
10003796,1
10003806,4
10003818,1
10003831,1
10003843,1
10003855,2
1000386,36
10003867,2
10003879,3
10003880,1
10003892,2
10003902,3
10003914,1
10003926,3
10003938,1
10003951,2
10003963,2
10003975,1
1000398,19
10003987,1
10003999,1
10004002,1
10004014,1
10004026,1
10004051,1
10004063,1
10004075,1
1000408,1
10004087,1
10004099,1
10004109,1
10004110,1
10004122,1
10004134,2
10004146,2
10004158,1
10004171,2
10004183,1
10004195,1
10004205,1
1000421,5
10004217,1
10004229,1
10004230,1
10004242,1
10004254,1
10004266,1
10004278,1
10004291,1
10004301,1
10004313,1
10004325,1
1000433,1
10004337,1
10004349,1
10004350,1
10004362,1
10004374,1
10004386,1
10004398,2
10004408,1
10004421,1
10004433,1
10004445,1
1000445,17
10004457,1
10004469,1
10004470,1
10004482,1
10004494,1
10004504,1
10004516,1
10004528,1
10004541,1
10004553,1
10004565,1
1000457,73
10004577,1
10004589,1
10004590,1
10004600,1
10004612,1
10004624,1
10004636,1
10004648,1
10004661,1
10004673,3
10004685,1
1000469,5
10004697,1
100047,26
1000470,5
10004707,1
10004719,1
10004720,1
10004732,1
10004744,1
10004756,1
10004768,1
10004781,1
10004793,1
10004803,1
10004815,3
1000482,1
10004827,1
10004839,1
10004840,1
10004852,1
10004864,1
10004876,1
10004888,1
10004911,3
10004923,1
10004935,1
1000494,3
10004947,1
10004959,1
10004960,1
10004972,1
10004984,2
10004996,1
10005,15
10005011,3
10005023,1
10005035,1
1000504,1
10005047,1
10005059,1
10005060,1
10005072,1
10005084,1
10005096,1
10005106,1
10005118,1
10005131,1
10005143,1
10005155,1
1000516,13
10005167,1
10005179,1
10005180,1
10005192,1
10005202,1
10005214,2
10005226,1
10005238,2
10005251,2
10005263,2
10005275,1
1000528,1
10005287,1
10005299,1
10005309,1
10005310,1
10005322,1
10005334,1
10005346,4
10005358,3
10005371,2
10005383,1
10005395,1
10005405,1
1000541,5
10005417,1
10005429,2
10005430,1
10005442,1
10005454,1
10005466,1
10005478,3
10005491,1
10005501,1
10005513,4
10005525,1
1000553,7
10005537,1
10005549,1
10005550,1
10005562,2
10005574,1
10005586,1
10005598,1
10005608,1
10005621,2
10005633,1
10005645,1
1000565,1
10005657,1
10005669,1
10005670,1
10005682,2
10005694,1
10005704,1
10005716,1
10005728,1
10005741,1
10005753,1
10005765,1
1000577,20
10005777,1
10005789,1
10005790,1
10005800,1
10005812,1
10005824,1
10005836,1
10005848,1
10005861,1
10005873,1
10005885,1
1000589,2
10005897,2
1000590,2
10005907,1
10005919,1
10005920,1
10005932,2
10005944,1
10005956,1
10005968,1
10005981,1
10005993,1
100060,1
1000600,3
10006007,5
10006019,1
10006020,2
10006032,1
10006044,1
10006056,1
10006068,1
10006081,1
10006103,1
10006115,1
1000612,1
10006127,1
10006139,1
10006140,1
10006152,1
10006164,1
10006176,1
10006188,1
10006223,1
10006235,1
1000624,1
10006247,1
10006259,1
10006260,1
10006272,1
10006284,1
10006296,1
10006306,1
10006318,1
10006331,1
10006343,1
10006355,1
1000636,2
10006367,1
10006379,1
10006380,1
10006392,15
10006402,1
10006414,1
10006426,1
10006438,4
10006451,2
10006463,1
10006475,2
1000648,1
10006487,2
10006499,1
10006509,2
10006510,1
10006522,1
10006534,1
10006546,1
10006558,1
10006571,1
10006583,1
10006595,1
10006605,1
10006617,1
10006629,1
10006630,1
10006642,1
10006654,1
10006666,1
10006678,1
10006691,1
10006701,1
10006713,1
10006725,1
1000673,3
10006737,2
10006749,1
10006750,1
10006762,1
10006774,1
10006786,1
10006798,1
10006808,1
10006821,1
10006833,2
10006845,1
1000685,12
10006857,1
10006869,1
10006870,1
10006882,1
10006894,1
10006904,2
10006916,1
10006928,5
10006941,3
10006953,6
10006965,1
1000697,36
10006977,1
10006989,1
10006990,1
10007004,3
10007016,1
10007028,1
10007041,1
10007053,1
10007065,1
1000707,15
10007077,2
10007089,1
10007090,1
10007100,2
10007112,1
10007124,1
10007136,1
10007148,1
10007161,1
10007173,2
10007185,1
1000719,1
10007197,1
1000720,5
10007207,1
10007219,2
10007220,2
10007232,2
10007244,1
10007256,1
10007268,1
10007281,1
10007293,1
10007303,1
10007315,1
1000732,1
10007327,1
10007339,1
10007340,1
10007352,1
10007364,2
10007376,1
10007388,1
10007411,1
10007423,1
10007435,2
10007447,1
10007459,1
10007460,2
10007472,1
10007484,2
10007496,1
10007506,1
10007518,2
10007531,1
10007543,1
10007555,1
1000756,18
10007567,1
10007579,3
10007580,2
10007592,1
10007602,8
10007614,1
10007626,1
10007638,1
10007651,2
10007663,1
10007675,1
1000768,24
10007687,1
10007699,1
10007709,1
10007710,1
10007722,1
10007734,1
10007746,1
10007758,1
10007771,2
10007783,1
10007795,1
10007805,2
10007817,2
10007829,1
10007830,1
10007842,2
10007854,1
10007866,1
10007878,1
10007891,1
10007901,1
10007913,1
10007925,1
10007937,1
10007949,1
10007950,11
10007962,1
10007974,1
10007986,1
10007998,1
10008001,1
10008013,1
10008025,1
1000803,9
10008037,1
10008049,1
10008050,1
10008062,1
10008074,1
10008086,1
10008098,1
10008108,1
10008121,2
10008133,1
10008145,1
1000815,8
10008157,1
10008169,1
10008170,2
10008182,1
10008194,1
10008204,2
10008216,1
10008228,1
10008241,1
10008253,1
10008265,1
10008277,2
10008289,1
10008290,2
10008300,1
10008312,2
10008324,2
10008336,1
10008348,1
10008361,2
10008373,1
10008385,1
1000839,1
10008397,1
100084,97
1000840,5
10008407,1
10008419,1
10008420,3
10008432,2
10008444,1
10008456,1
10008468,1
10008481,1
10008493,1
10008503,1
10008515,3
1000852,8
10008527,1
10008539,1
10008540,1
10008552,1
10008564,1
10008576,1
10008588,1
10008611,2
10008623,3
10008635,1
1000864,2
10008647,1
10008659,1
10008660,1
10008672,1
10008684,1
10008696,3
10008706,1
10008718,2
10008731,1
10008743,1
10008755,3
1000876,12
10008767,1
10008779,2
10008780,1
10008792,1
10008802,2
10008814,1
10008826,3
10008838,1
10008851,1
10008863,1
10008875,1
10008887,1
10008899,1
10008909,1
10008910,1
10008922,1
10008934,3
10008946,1
10008958,1
10008971,2
10008983,1
10008995,1
10009009,6
10009010,6
10009022,1
10009034,1
10009046,1
10009058,2
10009071,2
10009083,1
10009095,1
10009105,1
10009117,4
10009129,1
10009130,3
10009142,1
10009154,3
10009166,2
10009178,1
10009191,1
10009201,1
10009213,2
10009225,1
1000923,2
10009237,1
10009249,3
10009250,1
10009262,2
10009274,1
10009286,1
10009298,2
10009308,3
10009321,1
10009333,1
10009345,1
1000935,28
10009357,1
10009369,3
10009370,1
10009382,1
10009394,1
10009404,1
10009416,1
10009428,1
10009441,1
10009453,2
10009465,1
10009477,1
10009489,1
10009490,1
10009500,1
10009512,1
10009524,1
10009536,1
10009548,1
10009561,4
10009573,1
10009585,3
1000959,29
10009597,1
100096,21
1000960,7
10009607,1
10009619,1
10009620,1
10009632,1
10009644,1
10009656,1
10009668,1
10009681,1
10009693,1
10009703,1
10009715,1
1000972,2
10009727,1
10009739,1
10009740,1
10009752,5
10009764,2
10009776,1
10009788,1
10009811,2
10009823,1
10009835,1
1000984,17
10009847,1
10009859,1
10009860,1
10009872,2
10009884,1
10009896,1
10009906,2
10009918,7
10009931,2
10009943,2
10009955,1
1000996,1
10009967,1
10009979,1
10009980,1
10009992,1
10010009,1
10010010,1
10010022,1
10010034,1
10010046,1
10010058,1
